0 8 3 5 0 0 0 0 0 0 12 0
0 2 0 0 0 0 12 0 4 6 10 5
0 0 0 0 4 7 5 2 3 0 8 0
7 0 12 8 0 0 0 10 2 0 0 6
3 0 2 0 0 0 0 6 5 0 11 12
5 0 6 10 0 0 4 3 0 0 0 0
0 12 0 2 0 11 9 4 0 0 0 0
10 7 0 0 0 0 0 0 8 4 0 0
0 9 0 0 3 0 0 0 10 0 0 2
0 0 0 4 7 6 10 0 0 9 0 0
6 0 0 11 2 4 0 12 7 0 0 0
2 0 0 1 11 5 0 0 0 8 6 0
4 8 3 5 9 10 6 11 1 2 12 7
9 2 11 7 1 3 12 8 4 6 10 5
1 6 10 12 4 7 5 2 3 11 8 9
7 1 12 8 5 9 11 10 2 3 4 6
3 4 2 9 8 1 7 6 5 10 11 12
5 11 6 10 12 2 4 3 9 1 7 8
8 12 5 2 10 11 9 4 6 7 3 1
10 7 1 3 6 12 2 5 8 4 9 11
11 9 4 6 3 8 1 7 10 12 5 2
12 5 8 4 7 6 10 1 11 9 2 3
6 3 9 11 2 4 8 12 7 5 1 10
2 10 7 1 11 5 3 9 12 8 6 4