0 0 12 0 7 0 4 11 6 0 0 0
3 5 4 0 1 0 0 12 8 0 0 0
11 0 8 0 5 0 0 0 0 9 0 0
0 0 0 3 0 2 0 0 0 5 11 10
0 0 0 10 4 5 0 0 0 2 6 3
6 2 0 12 0 0 1 0 0 0 0 0
1 4 10 11 0 0 3 2 0 0 0 0
0 3 0 0 0 0 0 0 7 1 9 11
8 12 0 0 0 1 5 6 0 4 3 0
12 0 7 0 0 3 0 0 11 0 0 0
10 1 2 8 0 0 0 0 3 0 12 0
5 0 0 0 12 10 7 0 4 6 0 1
9 10 12 2 7 8 4 11 6 3 1 5
3 5 4 6 1 9 2 12 8 11 10 7
11 7 8 1 5 6 10 3 2 9 4 12
4 9 1 3 8 2 6 7 12 5 11 10
7 8 11 10 4 5 12 9 1 2 6 3
6 2 5 12 3 11 1 10 9 8 7 4
1 4 10 11 9 7 3 2 5 12 8 6
2 3 6 5 10 12 8 4 7 1 9 11
8 12 9 7 11 1 5 6 10 4 3 2
12 6 7 4 2 3 9 1 11 10 5 8
10 1 2 8 6 4 11 5 3 7 12 9
5 11 3 9 12 10 7 8 4 6 2 1