0 9 14 4 0 16 7 0 0 10 0 0 0 1 13 8
0 0 10 2 0 0 11 0 0 0 0 15 0 0 0 3
0 6 11 0 0 0 13 5 14 0 0 16 0 0 4 0
12 0 0 1 10 6 0 0 2 8 7 0 0 0 15 14
0 0 6 0 0 0 0 0 12 13 0 5 8 4 2 0
0 0 0 0 0 0 0 2 0 4 15 0 0 0 0 7
0 0 0 0 0 0 16 11 8 0 2 3 0 14 1 10
0 0 0 0 0 0 6 0 0 0 10 0 0 5 0 12
13 0 4 0 0 15 0 0 0 14 0 0 0 0 0 0
1 7 12 0 3 4 0 14 16 15 0 0 0 0 0 0
2 0 0 0 0 8 1 0 5 0 0 0 0 0 0 0
0 15 3 16 9 0 12 7 0 0 0 0 0 6 0 0
8 1 0 0 0 11 10 4 0 0 5 2 13 0 0 6
0 4 0 0 7 0 0 8 9 3 0 0 0 2 12 0
5 0 0 0 6 0 0 0 0 11 0 0 7 9 0 0
14 12 13 0 0 0 3 0 0 7 16 0 1 10 11 0
15 9 14 4 2 16 7 12 3 10 6 11 5 1 13 8
7 13 10 2 8 14 11 1 4 5 9 15 12 16 6 3
3 6 11 8 15 9 13 5 14 1 12 16 10 7 4 2
12 16 5 1 10 6 4 3 2 8 7 13 9 11 15 14
16 11 6 7 1 3 9 10 12 13 14 5 8 4 2 15
10 3 1 12 14 5 8 2 11 4 15 6 16 13 9 7
4 5 15 13 12 7 16 11 8 9 2 3 6 14 1 10
9 2 8 14 4 13 6 15 7 16 10 1 11 5 3 12
13 8 4 5 11 15 2 6 10 14 1 7 3 12 16 9
1 7 12 6 3 4 5 14 16 15 11 9 2 8 10 13
2 14 9 10 13 8 1 16 5 6 3 12 4 15 7 11
11 15 3 16 9 10 12 7 13 2 8 4 14 6 5 1
8 1 7 9 16 11 10 4 15 12 5 2 13 3 14 6
6 4 16 11 7 1 14 8 9 3 13 10 15 2 12 5
5 10 2 3 6 12 15 13 1 11 4 14 7 9 8 16
14 12 13 15 5 2 3 9 6 7 16 8 1 10 11 4