5 6 0 0 0 0 12 3 0 0 0 0 15 4 0 0 
0 0 0 14 0 0 7 4 13 0 0 1 11 8 0 16
0 4 2 13 15 0 0 9 16 3 7 6 14 0 0 5
0 0 8 12 11 0 16 0 4 9 0 0 0 3 0 13
0 5 3 0 0 0 15 0 0 13 1 0 8 0 0 0
0 0 0 1 0 2 6 16 7 8 4 3 0 0 0 14
0 14 6 4 10 0 0 8 2 15 0 11 3 7 13 1
0 0 11 0 1 0 4 0 0 0 0 0 0 2 0 12
0 7 1 15 12 0 0 0 0 6 0 0 0 0 0 3
0 0 0 0 6 13 0 0 8 10 3 0 2 0 0 0
0 3 0 0 0 7 0 0 14 1 13 15 0 6 16 8
6 9 12 8 16 14 0 10 0 4 0 0 0 0 5 0
1 0 0 16 7 9 10 0 0 0 0 0 0 15 0 2
14 13 5 0 0 15 2 0 0 7 0 16 6 11 9 4
8 0 0 6 0 0 0 1 15 0 5 9 0 14 0 0
12 0 15 0 5 0 0 11 6 0 8 4 13 1 0 7
5 6 16 7 13 1 12 3 10 14 11 8 15 4 2 9
3 15 9 14 2 6 7 4 13 5 12 1 11 8 10 16
11 4 2 13 15 10 8 9 16 3 7 6 14 12 1 5
10 1 8 12 11 5 16 14 4 9 15 2 7 3 6 13
9 5 3 2 14 11 15 7 12 13 1 10 8 16 4 6
15 12 13 1 9 2 6 16 7 8 4 3 10 5 11 14
16 14 6 4 10 12 5 8 2 15 9 11 3 7 13 1
7 8 11 10 1 3 4 13 5 16 6 14 9 2 15 12
13 7 1 15 12 8 11 2 9 6 16 5 4 10 14 3
4 16 14 5 6 13 1 15 8 10 3 12 2 9 7 11
2 3 10 11 4 7 9 5 14 1 13 15 12 6 16 8
6 9 12 8 16 14 3 10 11 4 2 7 1 13 5 15
1 11 4 16 7 9 10 6 3 12 14 13 5 15 8 2
14 13 5 3 8 15 2 12 1 7 10 16 6 11 9 4
8 2 7 6 3 4 13 1 15 11 5 9 16 14 12 10
12 10 15 9 5 16 14 11 6 2 8 4 13 1 3 7