0 10 15 12 0 0 8 0 0 16 0 6 0 5 0 0
0 0 8 0 0 0 3 0 0 11 0 5 4 13 7 15
0 0 3 14 6 7 0 9 8 0 0 0 2 11 0 0
0 0 2 0 0 0 15 4 3 0 0 12 10 14 0 0
2 15 6 0 0 13 0 3 4 14 9 0 16 10 11 0
13 0 0 10 0 11 0 7 1 5 0 0 0 8 2 0
4 8 0 0 15 1 6 0 0 13 0 0 0 9 0 0
4 8 0 0 15 1 6 0 0 13 0 0 0 9 0 0 
0 0 0 0 0 5 2 0 12 6 16 0 0 1 4 0
15 0 0 0 4 6 0 13 0 0 7 0 12 3 14 0
0 7 5 4 2 0 0 15 14 3 11 0 0 0 10 16
0 0 0 3 0 8 0 5 16 0 0 0 0 4 0 11
0 0 10 8 12 0 0 11 0 0 0 0 7 2 5 1
6 0 1 0 3 4 0 8 0 15 0 0 11 0 9 10
5 0 4 15 0 10 9 0 11 0 8 0 1 7 0 14
10 0 13 7 5 0 0 12 0 0 3 16 0 0 0 0
0 11 0 9 0 0 0 14 0 0 0 0 5 16 3 2
11 10 15 12 13 14 8 2 7 16 2 4 9 5 1 3
9 16 8 6 10 12 3 1 2 11 14 5 4 13 7 15
1 4 3 14 6 7 5 9 8 10 13 15 2 11 16 12
7 5 2 13 11 16 15 4 3 9 1 12 10 14 6 8
2 15 6 1 8 13 12 3 4 14 9 7 16 10 11 5
13 12 16 10 9 11 4 7 1 5 15 3 14 8 2 6
4 8 14 5 15 1 6 16 10 13 2 11 3 9 12 7
3 9 7 11 14 5 2 10 12 6 16 8 15 1 4 13
15 1 11 2 4 6 16 13 5 8 7 10 12 3 14 9
12 7 5 4 2 9 1 15 14 3 11 13 8 6 10 16
14 6 9 3 7 8 10 5 16 2 12 1 13 4 15 11
16 13 10 8 12 3 14 11 15 4 6 9 7 2 5 1
6 2 1 16 3 4 7 8 13 15 5 14 11 12 9 10
5 3 4 15 16 10 9 6 11 12 8 2 1 7 13 14
10 14 13 7 5 2 11 12 9 1 3 16 6 15 8 4
8 11 12 9 1 15 13 14 6 7 10 4 5 16 3 2
