14 4 0 0 0 9 0 0 0 0 0 0 11 8 16 2
5 7 0 12 0 0 13 0 0 0 0 0 10 0 9 4
16 2 9 0 0 0 8 0 0 3 14 0 7 0 0 0
11 0 0 0 0 6 0 7 0 5 15 4 0 0 0 0
0 0 0 14 0 5 0 10 7 0 1 9 0 11 3 0
0 13 0 11 2 4 0 0 16 0 3 0 0 0 0 0
0 6 0 9 0 3 16 8 0 0 0 14 0 2 13 0
0 0 16 10 0 0 0 13 6 0 0 11 0 4 15 8
0 0 8 0 15 16 0 0 5 10 0 0 9 0 0 0
0 16 12 1 0 0 9 0 14 0 2 15 0 3 4 0
9 0 7 13 0 0 5 0 11 0 0 0 0 0 0 0
0 3 0 0 0 0 0 12 4 0 0 0 0 10 6 13
2 15 0 0 1 8 0 16 0 0 0 10 0 6 0 14
0 0 0 16 6 0 14 11 0 4 7 0 15 0 0 10
13 0 14 6 3 15 0 5 2 1 11 16 8 0 0 7
8 12 0 0 0 2 0 0 0 14 5 0 4 0 0 3
14 4 13 3 5 9 12 15 1 6 10 7 11 8 16 2
5 7 6 12 14 1 13 3 8 11 16 2 10 15 9 4
16 2 9 15 10 11 8 4 12 3 14 13 7 1 5 6
11 1 10 8 16 6 2 7 9 5 15 4 3 13 14 12
4 8 2 14 12 5 15 10 7 13 1 9 6 11 3 16
12 13 15 11 2 4 6 14 16 8 3 5 1 7 10 9
7 6 1 9 11 3 16 8 10 15 4 14 12 2 13 5
3 5 16 10 9 7 1 13 6 2 12 11 14 4 15 8
6 11 8 4 15 16 3 2 5 10 13 12 9 14 7 1
10 16 12 1 8 13 9 6 14 7 2 15 5 3 4 11
9 14 7 13 4 10 5 1 11 16 6 3 2 12 8 15
15 3 5 2 7 14 11 12 4 9 8 1 16 10 6 13
2 15 4 5 1 8 7 16 3 12 9 10 13 6 11 14
1 9 3 16 6 12 14 11 13 4 7 8 15 5 2 10
13 10 14 6 3 15 4 5 2 1 11 16 8 9 12 7
8 12 11 7 13 2 10 9 15 14 5 6 4 16 1 3