8 7 0 0 0 0 0 0 0 3 0 0 13 0 4 0
0 5 14 0 0 0 3 10 15 9 1 0 0 6 0 0
16 0 0 0 5 8 7 0 0 14 0 0 9 0 11 12
0 0 4 0 0 14 6 13 0 11 10 12 0 7 0 3
14 0 0 8 0 0 1 0 0 0 0 3 7 4 12 0
9 0 0 0 0 6 15 12 0 0 13 14 0 3 1 0
11 0 10 3 0 0 13 0 0 8 0 1 0 0 6 0
6 0 0 1 14 0 4 0 0 5 0 9 11 0 0 13
0 0 0 0 15 0 0 0 0 0 9 0 5 0 2 10
10 1 0 0 6 0 5 0 13 15 7 16 0 0 0 0
0 0 16 11 0 4 0 8 2 0 0 0 0 13 0 7
0 9 0 7 1 3 0 2 6 0 8 10 16 15 14 4
7 0 13 0 9 16 0 5 0 0 14 4 3 8 0 2
0 0 3 0 10 0 0 0 0 0 0 0 0 16 15 0
1 0 9 0 0 0 14 4 0 0 0 0 0 0 7 0 0
0 6 8 0 3 0 0 0 10 7 0 0 0 0 0 0 0
8 7 11 10 2 12 9 1 5 3 16 6 13 14 4 15
12 5 14 13 4 11 3 10 15 9 1 7 2 6 16 8
16 3 1 6 5 8 7 15 4 14 2 13 9 10 11 12
2 15 4 9 16 14 6 13 8 11 10 12 1 7 5 3
14 13 15 8 11 2 1 9 16 10 6 3 7 4 12 5
9 4 7 5 8 6 15 12 11 2 13 14 10 3 1 16
11 2 10 3 7 5 13 16 12 8 4 1 15 9 6 14
6 16 12 1 14 10 4 3 7 5 15 9 11 2 8 13
3 8 6 12 15 13 16 7 14 4 9 11 5 1 2 10
10 1 2 4 6 9 5 14 13 15 7 16 8 12 3 11
15 14 16 11 12 4 10 8 2 1 3 5 6 13 9 7
13 9 5 7 1 3 11 2 6 12 8 10 16 15 14 4
7 11 13 15 9 16 12 5 1 6 14 4 3 8 10 2
5 12 3 14 10 7 8 6 9 13 11 2 4 16 15 1
1 10 9 2 13 15 14 4 3 16 5 8 12 11 7 6
4 6 8 16 3 1 2 11 10 7 12 15 14 5 13 9