1 9 0 0 11 8 0 0 0 10 0 0
5 2 10 0 0 12 1 0 0 8 0 0
0 8 3 4 0 7 0 9 0 1 6 5
0 0 9 0 4 0 0 5 12 6 3 0
11 12 8 0 3 1 0 0 0 9 7 0
3 5 4 0 9 11 0 0 0 0 10 0
9 0 2 12 0 0 0 0 0 0 0 7
0 3 0 8 0 5 0 7 10 0 0 2
0 0 0 0 1 6 0 10 3 0 9 0
10 1 0 2 0 0 11 8 9 0 0 0
0 0 11 0 0 9 12 6 0 0 2 0
0 0 5 0 10 0 0 0 4 0 0 12
1 9 6 7 11 8 5 4 2 10 12 3
5 2 10 11 6 12 1 3 7 8 4 9
12 8 3 4 2 7 10 9 11 1 6 5
2 7 9 1 4 10 8 5 12 6 3 11
11 12 8 10 3 1 6 2 5 9 7 4
3 5 4 6 9 11 7 12 8 2 10 1
9 10 2 12 8 3 4 11 6 5 1 7
6 3 1 8 12 5 9 7 10 4 11 2
4 11 7 5 1 6 2 10 3 12 9 8
10 1 12 2 7 4 11 8 9 3 5 6
8 4 11 3 5 9 12 6 1 7 2 10
7 6 5 9 10 2 3 1 4 11 8 12