0 7 0 4 0 5 0 1 6 9 0 0
11 0 8 0 0 9 2 0 0 3 12 0
0 0 5 9 0 3 0 0 0 0 0 2
0 0 0 0 5 0 0 0 0 12 0 0
4 5 0 8 0 0 0 7 0 0 0 3
6 0 0 10 0 0 0 0 9 0 5 0
0 10 0 5 0 0 0 0 1 0 0 11
3 0 0 0 1 0 0 0 7 0 8 4
0 0 11 0 0 0 0 2 0 0 0 0
8 0 0 0 0 0 4 0 12 6 0 0
0 3 6 0 0 8 12 0 0 4 0 7
0 0 9 12 6 0 11 0 2 0 10 0
2 7 3 4 12 5 10 1 6 9 11 8
11 6 8 1 7 9 2 4 5 3 12 10
10 12 5 9 11 3 8 6 4 1 7 2
9 11 7 3 5 2 1 10 8 12 4 6
4 5 1 8 9 12 6 7 10 11 2 3
6 2 12 10 8 4 3 11 9 7 5 1
12 10 4 5 3 6 7 8 1 2 9 11
3 9 2 6 1 11 5 12 7 10 8 4
1 8 11 7 4 10 9 2 3 5 6 12
8 1 10 11 2 7 4 5 12 6 3 9
5 3 6 2 10 8 12 9 11 4 1 7
7 4 9 12 6 1 11 3 2 8 10 5