2 11 0 0 0 0 6 0 0 0 0 0 0 3 0 16
0 15 0 0 0 0 0 0 0 4 7 0 0 2 5 9
0 0 0 0 0 0 9 0 3 0 12 6 10 0 0 0
0 0 6 7 8 12 0 0 0 0 13 0 0 0 4 14
14 0 0 16 0 3 13 0 0 6 0 0 0 0 8 7
8 0 15 0 0 14 2 0 0 9 0 0 0 10 6 0
11 0 7 0 6 9 1 0 16 5 4 0 0 0 13 0
6 0 5 13 0 4 15 7 10 0 11 12 0 9 14 0
5 6 10 12 0 11 0 0 0 1 14 4 0 0 2 0
0 1 0 15 14 0 0 0 0 0 2 0 8 0 0 0
0 7 0 0 15 0 4 2 0 0 0 0 1 0 10 0
0 0 0 14 0 0 16 0 11 0 15 9 7 12 3 5
12 2 1 8 0 0 0 0 7 14 0 0 5 0 0 3
0 0 4 0 0 0 0 0 15 13 0 16 0 0 0 0
0 0 14 0 7 13 0 3 5 0 0 0 9 0 0 2
0 0 0 0 9 0 5 0 0 0 0 3 12 6 0 15
2 11 8 9 1 7 6 4 14 15 5 10 13 3 12 16
13 15 12 3 11 10 14 16 1 4 7 8 6 2 5 9
1 14 16 4 5 2 9 13 3 11 12 6 10 7 15 8
10 5 6 7 8 12 3 15 9 16 13 2 11 1 4 14
14 12 9 16 10 3 13 11 2 6 1 15 4 5 8 7
8 4 15 1 12 14 2 5 13 9 3 7 16 10 6 11
11 10 7 2 6 9 1 8 16 5 4 14 3 15 13 12
6 3 5 13 16 4 15 7 10 8 11 12 2 9 14 1
5 6 10 12 3 11 7 9 8 1 14 4 15 16 2 13
16 1 3 15 14 5 12 10 6 7 2 13 8 11 9 4
9 7 13 11 15 8 4 2 12 3 16 5 1 14 10 6
4 8 2 14 13 6 16 1 11 10 15 9 7 12 3 5
12 2 1 8 4 15 10 6 7 14 9 11 5 13 16 3
3 9 4 5 2 1 11 12 15 13 6 16 14 8 7 10
15 16 14 6 7 13 8 3 5 12 10 1 9 4 11 2
7 13 11 10 9 16 5 14 4 2 8 3 12 6 1 15